% # columns="iteration, evaluation, sigma, axis ratio, bestever, best, median, worst objective function value, further objective values of best", seed=751665, Mon Sep  3 23:13:04 2012
1 11 0.960481210498 1.0 72799.4219229 7.2799421922855341e+04 2269813.9471 9813712.87409 
2 21 0.971983697265 1.11367713553 72799.4219229 1.6480009084242987e+05 751377.660792 1645013.35193 
3 31 0.978869698324 1.20658868959 43819.195961 4.3819195960990146e+04 998738.745829 2250359.69841 
4 41 0.951838479939 1.23250901299 43819.195961 1.0067800856061543e+05 567177.327882 1444707.90965 
5 51 0.910152589826 1.28357933597 43819.195961 7.5200724491660032e+04 778771.691012 2787660.56322 
6 61 0.833483876428 1.29920232226 25202.5239432 2.5202523943238120e+04 527649.678403 1623388.95077 
7 71 0.916654383807 1.32996511894 25202.5239432 1.3164421039803958e+05 591617.440582 3544734.52196 
8 81 0.969868703095 1.50301084701 25202.5239432 9.5597661628226429e+04 345804.035081 8416664.02469 
9 91 0.907364189572 1.57757612733 25202.5239432 2.3958606843075092e+05 882359.538385 5464943.51962 
10 101 0.866593431531 1.58511715748 25202.5239432 3.7552898965124848e+04 2150705.74814 2445833.32521 
11 111 0.888014036278 1.65656170246 25202.5239432 1.4459543778252619e+05 259621.378823 2113071.48725 
12 121 0.87224495717 1.69572151417 25202.5239432 1.4970188541612288e+05 501475.261081 2986698.57861 
13 131 0.896004285345 1.73396695875 25202.5239432 2.1231279790288839e+05 511702.707815 2878668.92533 
14 141 0.924014093371 1.81433010237 25202.5239432 9.6930875653943367e+04 546692.370044 2042157.72769 
15 151 0.923864229703 1.83612651444 25202.5239432 1.4064556480602184e+05 660634.818353 2616076.54073 
16 161 0.843823238468 1.87566126314 25202.5239432 4.2336980717567974e+04 405418.600897 1191298.33898 
17 171 0.808975985672 1.88672321754 25202.5239432 7.4304191970259766e+04 257492.558346 2719186.90879 
18 181 0.764073304482 1.9087954577 25202.5239432 1.0234224971459218e+05 607106.382017 1871533.7951 
19 191 0.774377321826 1.95479640686 25202.5239432 1.4288447489940003e+05 268294.671418 1309649.07347 
20 201 0.789840600754 1.9755976804 25202.5239432 7.3292809414852862e+04 290224.977527 528047.977719 
21 211 0.730438458631 1.99466871682 25202.5239432 1.4339829830930306e+05 397832.852017 1921623.45604 
22 221 0.669695860202 2.00956656335 25202.5239432 8.9333715306751095e+04 651474.290586 1609622.61112 
23 231 0.628360372269 2.012450211 25202.5239432 5.6361784940781501e+04 167786.079784 754395.588802 
24 241 0.636226882248 2.00738824274 25202.5239432 7.7289541725400297e+04 155962.903616 709973.952397 
25 251 0.681917253833 2.10014312883 25202.5239432 1.1644870671834373e+05 206567.312166 789106.471599 
26 261 0.699204631645 2.18211015216 25202.5239432 8.0414324632089876e+04 171983.028774 515379.265539 
27 271 0.6767600279 2.19236863085 25202.5239432 5.3442501874920868e+04 156628.779759 845618.617349 
28 281 0.72836534961 2.21816796113 25202.5239432 7.0966489566092045e+04 163355.699523 968144.340415 
29 291 0.736498548173 2.47830258788 25202.5239432 5.4764159371366011e+04 188868.586027 1747067.6509 
30 301 0.72748160236 2.64925044504 25202.5239432 1.5501828247766773e+05 430031.857753 1444100.70265 
31 311 0.715118545617 2.67039715484 25202.5239432 1.2328195450161710e+05 263895.543268 687998.027709 
32 321 0.635184923816 2.67925480254 25202.5239432 5.8020997295596171e+04 210421.887857 567807.423448 
33 331 0.595650133915 2.69819990543 25202.5239432 6.5157062639227486e+04 219534.727522 509517.249535 
34 341 0.603750515237 2.73553819043 25202.5239432 1.2929339564224638e+05 338890.324227 563305.484547 
35 351 0.601868283387 2.73032900759 25202.5239432 6.8476286772422754e+04 268276.371714 374008.028319 
36 361 0.580474180412 2.72320559331 25202.5239432 3.4073566196703476e+04 458029.397178 540072.076338 
37 371 0.545020674036 2.71749537451 25202.5239432 6.0496421131954914e+04 379066.093574 1022847.92632 
38 381 0.552358875121 2.85361486028 25202.5239432 5.8419139425690548e+04 193301.645913 389947.554279 
39 391 0.558752121043 2.9164541551 25202.5239432 8.3393606001594671e+04 245556.620121 627406.803799 
40 401 0.509625332051 2.95674611843 25202.5239432 7.9471618588552155e+04 187260.94227 436779.409733 
41 411 0.481987655861 3.03743358724 25202.5239432 4.3159491869724923e+04 94469.4684121 148596.734024 
42 421 0.4314922419 3.09832936882 25202.5239432 2.8380657522264300e+04 53186.0818532 141626.73148 
43 431 0.418839886457 3.12351173403 25202.5239432 3.1701751836446845e+04 91263.6438078 230689.445681 
44 441 0.400919312087 3.20907113811 25202.5239432 3.5641941394708789e+04 58033.1194013 295569.458544 
45 451 0.407576381343 3.23921306081 25202.5239432 3.8745710022661769e+04 51573.389071 231568.454736 
46 461 0.385189351274 3.40157556573 25202.5239432 4.5919723128819198e+04 75560.8195504 121041.397631 
47 471 0.374241992963 3.41328388568 25202.5239432 3.4961586873266460e+04 51116.8365947 164812.654006 
48 481 0.362477353349 3.41963958236 25202.5239432 3.6991247214762610e+04 93892.9711533 152208.323273 
49 491 0.352404914837 3.4717436877 25202.5239432 3.4777056981675203e+04 62450.9173219 129671.517778 
50 501 0.335342419839 3.52363799211 24630.3095323 2.4630309532290692e+04 64654.123578 226221.675294 
51 511 0.319877232653 3.53049319964 24630.3095323 3.0198357408034448e+04 47377.9805 148388.599427 
52 521 0.293686847771 3.57482701143 24630.3095323 2.5461937241278578e+04 56965.7639948 79173.8809604 
53 531 0.260569278655 3.58738670048 24630.3095323 2.6296712630798338e+04 54216.9423831 99691.0901497 
54 541 0.261005273014 3.64151508929 19349.8245938 1.9349824593805384e+04 38810.8794666 75608.5277381 
55 551 0.25513878162 3.71760852443 19092.7776734 1.9092777673360637e+04 34647.4475006 78573.4080188 
56 561 0.246311509267 3.76657120045 17617.5720329 1.7617572032886812e+04 29858.4772222 93581.3473379 
57 571 0.25296298283 3.88287859328 15625.8531848 1.5625853184807989e+04 33329.7111799 75214.6832516 
58 581 0.248118714837 3.95903267267 14935.9111478 1.4935911147821580e+04 30475.7519193 59220.0997304 
59 591 0.245260755331 3.97157808904 14935.9111478 1.6151988505075815e+04 26062.7414196 79025.6692955 
60 601 0.23483439017 4.11355243733 14935.9111478 1.5635439324331599e+04 33216.8088792 69587.103352 
61 611 0.209833493102 4.23406761123 14935.9111478 1.5864424389802989e+04 29929.5485882 52201.5889501 
62 621 0.18981081434 4.27447179078 14935.9111478 1.6856539945674554e+04 21045.6670562 48177.6794521 
63 631 0.18726268579 4.35119075074 14935.9111478 1.7943434522209318e+04 25983.9212318 44574.6642276 
64 641 0.196411955641 4.73871131339 14935.9111478 1.5901866760929453e+04 21578.8335559 44263.5177918 
65 651 0.219996545662 4.87280116059 11079.512213 1.1079512213048958e+04 24766.5030753 52274.2654711 
66 661 0.234830055005 5.2318385005 11079.512213 1.2029635169473218e+04 16642.801207 20642.9582507 
67 671 0.232512013056 5.29836874111 11079.512213 1.1960672190834759e+04 19887.1759272 35856.2863533 
68 681 0.231233236963 5.35976010499 10642.7765329 1.0642776532925394e+04 18083.2878213 35144.3850924 
69 691 0.234296453477 5.38425643817 10642.7765329 1.2467444415513035e+04 19200.3471061 56337.2623517 
70 701 0.226722387375 5.4473048525 10642.7765329 1.1489894868834655e+04 19014.9801506 33973.7537453 
71 711 0.207845082331 5.42829047119 10642.7765329 1.5182254069584465e+04 21542.5550495 27526.505656 
72 721 0.187632356766 5.4811864157 10642.7765329 1.3348099103173930e+04 18289.7944711 46076.3901499 
73 731 0.168309754231 5.46128523626 10642.7765329 1.2391738414571300e+04 14322.3790074 28213.9957924 
74 741 0.158131382035 5.50057591625 10642.7765329 1.1654291118285577e+04 15411.1144779 19646.1748771 
75 751 0.146580181049 5.61767719035 10642.7765329 1.0903348929453407e+04 15957.4298831 19348.4019842 
76 761 0.134783154337 5.64346992085 10642.7765329 1.1480445551866556e+04 14324.5641782 25503.9065572 
77 771 0.125156585069 5.61346661194 9979.20069008 9.9792006900797678e+03 12794.2180185 15502.2324726 
78 781 0.127664210873 5.70089662685 9819.20446095 9.8192044609484765e+03 11830.9129014 14017.6749501 
79 791 0.1335097134 5.79245299844 9819.20446095 9.9892053816235912e+03 12504.5853936 14061.9230355 
80 801 0.152931062816 5.89225787524 8990.88014553 8.9908801455332577e+03 11355.234021 15807.1731152 
81 811 0.177164768531 6.48412689431 8715.5724794 8.7155724793974587e+03 10190.2776138 15867.7745101 
82 821 0.202763902287 6.71678521593 8182.44788851 8.1824478885095778e+03 11917.3475962 14721.2034833 
83 831 0.217243935732 7.17848588278 8182.44788851 8.3744332225902235e+03 12262.8983324 15483.289264 
84 841 0.239786997598 7.36644226932 6793.50196154 6.7935019615410447e+03 10412.6875685 22928.8587332 
85 851 0.262707958804 7.78336704123 6634.26129608 6.6342612960753095e+03 9388.58695175 31034.0525329 
86 861 0.306421129725 8.1384123501 6634.26129608 7.5659715093981913e+03 11329.3634839 27953.7860264 
87 871 0.306389494834 8.40818140508 4425.92321038 4.4259232103752547e+03 17588.8408817 28788.0752971 
88 881 0.301693326954 8.54829598697 4425.92321038 6.5831247160188968e+03 16815.9003056 23361.3605106 
89 891 0.317437437924 8.85952958782 4425.92321038 5.6257868971703874e+03 10081.4288281 14028.1083269 
90 901 0.320011662785 9.89227124517 4425.92321038 4.5059861433431915e+03 9596.13430976 15519.4848776 
91 911 0.325801798064 10.3890727397 4425.92321038 8.4877315883862229e+03 13464.6580838 29815.0542609 
92 921 0.337151970979 10.7017173049 4425.92321038 7.3777181722430587e+03 13771.1100439 53402.337916 
93 931 0.327652207574 10.7896576143 4425.92321038 8.7537086694210957e+03 17018.772286 28677.7888945 
94 941 0.300110743649 11.0367263504 4425.92321038 9.0683813425147346e+03 19517.3714998 37686.497229 
95 951 0.27633079103 11.1293225484 4425.92321038 6.9780035902587988e+03 14643.6258588 21411.4282576 
96 961 0.23948372975 11.164604 4425.92321038 8.2248884515171521e+03 11415.0369546 52573.075495 
97 971 0.21302460635 11.1872560439 4373.83664376 4.3738366437592449e+03 10408.3868724 21443.1253328 
98 981 0.196309846591 11.302327305 4373.83664376 4.9102909863492150e+03 11104.0400964 13285.0170856 
99 991 0.18412791401 11.4331960562 4373.83664376 4.7772678611336632e+03 7211.48318777 8759.35401413 
100 1001 0.162789771627 11.6939713694 4373.83664376 4.8097344387376916e+03 7476.10268232 13047.8400219 
101 1011 0.145258140565 11.7174024651 4373.83664376 4.3960913790892937e+03 6975.94377543 11758.5873407 
102 1021 0.139014469303 11.7187914662 4373.83664376 4.4724511300231816e+03 5491.117218 6935.16373067 
103 1031 0.124391629389 11.735527757 4373.83664376 4.4669224509296200e+03 5361.72417286 7980.95472564 
104 1041 0.111702400704 11.7842102527 4111.19219357 4.1111921935727632e+03 5400.49040627 6217.11492884 
105 1051 0.106600884853 11.9993682624 3906.73527207 3.9067352720739427e+03 4760.76191814 6530.63724222 
106 1061 0.110872364724 12.0074740256 3706.52848079 3.7065284807901571e+03 4583.97726405 5356.18224328 
107 1071 0.114670619015 12.0047999859 3706.52848079 3.9727545536679054e+03 4410.12206712 6634.50683452 
108 1081 0.117551661215 12.2745011158 3706.52848079 3.8387269824702089e+03 4926.92253708 6268.96544279 
109 1091 0.12792599175 12.3717206485 3572.33383719 3.5723338371881932e+03 4669.19565431 6021.64987909 
110 1101 0.124549246519 12.386731107 3572.33383719 3.8868128178704956e+03 4434.69259833 6684.7993102 
111 1111 0.125858664293 12.3540463113 3270.56078587 3.2705607858658923e+03 4320.19015458 6383.12778637 
112 1121 0.12374839054 12.6113723512 3270.56078587 3.6650747493939598e+03 4014.43818351 4755.01197042 
113 1131 0.122917176717 12.770844297 3270.56078587 3.5326324956113549e+03 3979.16709065 4548.19943226 
114 1141 0.116629217076 12.8456813743 3257.41279751 3.2574127975123579e+03 3874.01538437 6829.57526523 
115 1151 0.1195520017 12.8208297798 2909.32244551 2.9093224455137988e+03 3665.23804887 4881.88090058 
116 1161 0.12542104041 12.850146305 2829.42808779 2.8294280877939491e+03 3521.15148716 4499.55536184 
117 1171 0.13148841899 12.860319603 2829.42808779 3.0385010243924767e+03 3898.43667582 4489.50350474 
118 1181 0.147738500044 13.0790303286 2818.5982363 2.8185982363029370e+03 3741.25786327 5463.7824245 
119 1191 0.159635896622 13.1225879919 2818.5982363 3.0211801031064024e+03 3729.47020145 6447.32984173 
120 1201 0.173516803021 13.3995705516 2362.52778277 2.3625277827745317e+03 3579.75453728 5119.8863571 
121 1211 0.181661670355 13.8629259378 2362.52778277 2.6482227471714582e+03 2973.25498061 4989.75541404 
122 1221 0.199734123745 13.9922424621 2362.52778277 2.5026622742725735e+03 3976.09307344 8636.10361829 
123 1231 0.189775027431 14.1414122949 2014.43823441 2.0144382344104467e+03 3608.63940452 6056.60112717 
124 1241 0.181049672261 14.5284383509 2014.43823441 2.7776381235665458e+03 3224.65409949 4597.51740673 
125 1251 0.172301799071 14.9275040265 2014.43823441 2.2388071133379781e+03 3848.99072183 6856.40365481 
126 1261 0.153757664018 15.1964575022 2014.43823441 2.4005280625141309e+03 3167.63437412 5050.1231503 
127 1271 0.134155872337 15.2713606908 2014.43823441 2.6609611044670346e+03 3470.79902763 4615.03327764 
128 1281 0.116333946459 15.1940827484 2014.43823441 2.2145820209217031e+03 3158.88205105 4082.37028375 
129 1291 0.10883344876 15.2410754253 1839.56328185 1.8395632818474742e+03 2367.07054661 3706.68587375 
130 1301 0.0999700263607 15.415878875 1839.56328185 1.9569460802194187e+03 2495.27691869 2886.70437127 
131 1311 0.0940286849638 15.7305997106 1839.56328185 1.9085212236356506e+03 2229.4565374 2895.14280211 
132 1321 0.0888288183027 15.6427495785 1787.0386016 1.7870386016016796e+03 2076.26048299 2673.40102852 
133 1331 0.0831147973708 15.7419811664 1773.78649436 1.7737864943615075e+03 1919.94413065 2409.14791269 
134 1341 0.0780360755622 15.9668732571 1591.36501995 1.5913650199478743e+03 2026.00867243 2507.66940163 
135 1351 0.0712143491074 16.0728667035 1591.36501995 1.6431331879750087e+03 1836.63940757 2047.9614527 
136 1361 0.0758765424 16.0958214889 1546.65928779 1.5466592877911462e+03 1671.4903934 1880.62474716 
137 1371 0.0797384845351 16.3545097896 1449.1525097 1.4491525096961477e+03 1699.67430975 2099.20207119 
138 1381 0.0843169655369 16.2667066984 1449.1525097 1.4822520173864225e+03 1739.23231629 2466.70935368 
139 1391 0.0803997612145 15.9338652531 1341.62278481 1.3416227848091905e+03 1689.87047733 1949.30181722 
140 1401 0.0790291669042 16.2256245472 1311.12541493 1.3111254149294448e+03 1590.9190567 1865.45607599 
141 1411 0.0814416218513 16.299580811 1154.38548415 1.1543854841465263e+03 1424.85753078 1602.71200014 
142 1421 0.0833784419489 16.3678248531 1154.38548415 1.1546913359385715e+03 1402.09955192 1538.7563633 
143 1431 0.0789968825058 16.4778883219 1108.34580709 1.1083458070890247e+03 1233.83315336 1602.4237791 
144 1441 0.0750824811262 16.7614848298 1063.77999331 1.0637799933109443e+03 1328.20760357 1583.86987683 
145 1451 0.0773290543687 16.8561282163 1023.49568513 1.0234956851318144e+03 1166.77887915 1345.61239838 
146 1461 0.0754558360884 16.8653246777 923.920217708 9.2392021770797760e+02 1078.28122404 1177.86999794 
147 1471 0.079467839936 17.0547739464 923.920217708 9.6725886933751224e+02 1159.45147601 1355.6856315 
148 1481 0.0869456907759 17.089830792 882.709806903 8.8270980690307806e+02 1037.45677197 1625.33128203 
149 1491 0.0970670434718 17.2031452411 817.570266076 8.1757026607560078e+02 943.86409533 1283.82369192 
150 1501 0.103567562241 17.8806950715 724.023805249 7.2402380524879993e+02 1228.53627128 1466.17321226 
151 1511 0.102613743531 18.5484379206 712.267537247 7.1226753724685977e+02 864.736355809 1312.26165719 
152 1521 0.108831843054 18.840421236 684.282016737 6.8428201673698959e+02 814.468482803 1828.21904861 
153 1531 0.126180381365 20.4449442321 573.946691019 5.7394669101913792e+02 847.476178653 1442.04792842 
154 1541 0.133127866274 21.5825147383 543.346754363 5.4334675436339637e+02 787.119337414 1155.75913733 
155 1551 0.135210337434 22.0643498759 543.346754363 6.2428472205132948e+02 1157.81311369 1558.87628826 
156 1561 0.12861427268 22.0738288817 543.346754363 5.7132761734318581e+02 789.405709808 1660.0340968 
157 1571 0.119053449597 21.93112174 543.346754363 6.7497311727895351e+02 904.979012062 1421.28149642 
158 1581 0.116503493885 22.52334802 516.296512928 5.1629651292832443e+02 803.848600233 1254.68001157 
159 1591 0.107905790293 22.4294637094 503.937009676 5.0393700967557379e+02 697.449320651 1085.58460861 
160 1601 0.103989720974 22.7308315791 393.542238344 3.9354223834429609e+02 746.802435332 1080.55652846 
161 1611 0.108551569299 22.6722764604 393.542238344 4.3587804623604859e+02 599.305323681 754.757247038 
162 1621 0.114898308779 22.9886130962 393.542238344 4.4113423783915761e+02 702.592969301 951.759178651 
163 1631 0.125698072485 24.0496427195 349.833333569 3.4983333356902619e+02 559.037312116 977.625703237 
164 1641 0.124808340182 25.6843549449 346.343114767 3.4634311476713651e+02 525.05788064 1242.15017505 
165 1651 0.113763996059 26.2763390218 346.343114767 3.8466266562380201e+02 682.754361685 702.496204381 
166 1661 0.114683762991 26.3114735373 346.343114767 3.6271490025585319e+02 562.148103521 1138.71184749 
167 1671 0.114641744733 26.7968046236 317.477045908 3.1747704590800345e+02 491.330460087 702.39993948 
168 1681 0.110782151517 27.0440170126 317.477045908 3.6602198430609815e+02 471.181972594 673.896699049 
169 1691 0.0984280618954 26.9456488598 286.234598918 2.8623459891835677e+02 556.642564979 692.555105741 
170 1701 0.0855307810627 27.0532813539 286.234598918 3.4197815548744308e+02 457.985382186 947.930868549 
171 1711 0.0802896890017 27.5513373698 286.234598918 3.3368281829670337e+02 427.040899452 585.423873499 
172 1721 0.0753271071666 28.1925694363 286.234598918 3.3341438523606689e+02 402.487901479 512.121234597 
173 1731 0.0717819548792 29.0445525539 286.234598918 3.3664839331313738e+02 381.666269458 605.486852019 
174 1741 0.0686283417794 30.0196944202 286.234598918 3.2083282533936045e+02 410.064376157 447.764674708 
175 1751 0.0608113180694 30.8176542124 286.234598918 3.1873028455276966e+02 389.835728247 461.086056945 
176 1761 0.0570996257287 31.0386365324 286.234598918 3.1309694304062037e+02 338.008143577 387.730504405 
177 1771 0.0554068894679 31.3176198609 286.234598918 3.0597307569922248e+02 337.843396881 406.83727689 
178 1781 0.0523501163523 31.2675019103 286.234598918 2.8965709283672885e+02 354.797111808 426.666756732 
179 1791 0.0477063802752 31.7169435296 286.234598918 3.0521035025031472e+02 342.269277586 385.641330744 
180 1801 0.0429435885193 31.9362645025 286.234598918 2.9732100384958062e+02 336.636945781 348.071835395 
181 1811 0.0402257699646 31.9920768775 286.234598918 2.9606436190508890e+02 315.389850884 366.615777606 
182 1821 0.0417742815197 31.894731242 286.234598918 3.0235616737897925e+02 314.819248642 342.729744408 
183 1831 0.0397690000267 32.4121156451 286.234598918 2.9791507856795226e+02 316.279060461 336.474589826 
184 1841 0.0356326851057 32.6825576919 286.234598918 2.9136111378712349e+02 310.896964688 319.160071825 
185 1851 0.0352378973061 32.7393265206 286.234598918 2.9323154806895701e+02 299.801938075 345.55924069 
186 1861 0.0312492791751 32.8421435056 286.234598918 2.9360581142083532e+02 302.626088305 314.412613169 
187 1871 0.0271503041979 32.8247248743 286.234598918 2.9360738660070973e+02 298.333755455 302.847825225 
188 1881 0.0237261509235 32.8073412398 286.234598918 2.9270315686390569e+02 298.325447676 315.128452951 
189 1891 0.0231910926756 32.825927683 286.234598918 2.9036978575873076e+02 292.771473533 306.088055547 
190 1901 0.0212541210733 33.3280780863 286.234598918 2.8823121759991517e+02 294.05446522 304.515788594 
191 1911 0.0193192687352 33.329271815 286.234598918 2.8831032805585050e+02 293.915150866 306.341990776 
192 1921 0.0168945788676 32.9578041345 286.234598918 2.8662477853944876e+02 291.55229399 294.2561981 
193 1931 0.0159150696557 33.3160908692 286.228555625 2.8622855562475053e+02 290.426438897 293.707600969 
194 1941 0.0156667096379 33.1338541313 285.39523729 2.8539523729004588e+02 289.312519984 293.200545261 
195 1951 0.0147565194403 33.2478769218 284.680578763 2.8468057876291135e+02 286.875052345 290.305516704 
196 1961 0.0150674154763 33.5362453276 283.960646303 2.8396064630340021e+02 287.470980509 289.369392918 
197 1971 0.014491304605 33.3169254031 283.641131726 2.8364113172609569e+02 286.420913004 290.65698074 
198 1981 0.015223480385 33.6397158741 281.560098083 2.8156009808339394e+02 284.732958853 289.053372927 
199 1991 0.0173250239726 35.1806243186 281.560098083 2.8197969040784994e+02 284.350589024 288.466015978 
200 2001 0.0190895936765 35.8053455335 281.560098083 2.8198260676233417e+02 283.853809634 286.672618251 
201 2011 0.0211654157347 36.4005611392 278.67785148 2.7867785147974416e+02 284.110804282 291.367830166 
202 2021 0.0222757869871 38.8515946097 278.135646013 2.7813564601304279e+02 284.535855606 295.114176277 
203 2031 0.0227016125277 39.728691415 277.24609189 2.7724609189007975e+02 283.74006763 287.860156283 
204 2041 0.0238915144397 41.1774102153 276.181815901 2.7618181590075000e+02 280.16624978 282.379604822 
205 2051 0.0249259437876 40.6797004578 273.755934965 2.7375593496480485e+02 278.377278666 284.069015766 
206 2061 0.025758398884 40.5715491306 272.759480085 2.7275948008518566e+02 278.41553335 285.585414069 
207 2071 0.0268513171624 40.9157212007 272.720383379 2.7272038337933174e+02 277.077054689 283.749157686 
208 2081 0.0280099167322 41.261956367 268.803132361 2.6880313236082060e+02 277.440927655 290.795332264 
209 2091 0.0268654709028 41.503860389 268.803132361 2.7150244250742008e+02 275.284544971 295.461392867 
210 2101 0.0245047783342 42.3741647986 268.803132361 2.6943940718693830e+02 274.808678266 283.475630267 
211 2111 0.0228176995675 42.81185525 268.803132361 2.6951952766240964e+02 272.254491315 275.354050255 
212 2121 0.0222775245321 42.5920714547 266.468189024 2.6646818902406363e+02 270.13957988 273.493477566 
213 2131 0.0240297411621 43.037969225 263.116620365 2.6311662036545027e+02 268.387595958 271.08156777 
214 2141 0.02809714435 44.1933596555 258.821834296 2.5882183429561036e+02 266.326223162 270.91921989 
215 2151 0.0298636011919 44.3972034831 258.821834296 2.6066911949433756e+02 265.849025536 277.126049936 
216 2161 0.0330345461468 44.2722808431 258.821834296 2.5916347964169336e+02 264.464935737 284.249351979 
217 2171 0.0357483003862 44.9577290224 254.148223104 2.5414822310399936e+02 265.313858641 273.063616461 
218 2181 0.0410172524597 46.2711794404 253.4643877 2.5346438770044887e+02 256.986415546 269.546853035 
219 2191 0.0435047543456 49.3656494014 249.025085939 2.4902508593943605e+02 260.075239502 282.428860651 
220 2201 0.0437467114515 50.5410789172 245.549727506 2.4554972750565301e+02 267.12576716 283.275671426 
221 2211 0.0434665174495 51.0405600725 245.549727506 2.5008117931664867e+02 257.151261687 275.791753731 
222 2221 0.0436078927043 50.9993453278 243.73706858 2.4373706858024389e+02 256.097601441 272.818959761 
223 2231 0.0430147288381 52.7204607288 239.534271065 2.3953427106521553e+02 249.035428831 284.549833305 
224 2241 0.0439880075351 52.700466362 229.254346496 2.2925434649555299e+02 248.876265296 276.729675002 
225 2251 0.043327537816 55.850857254 229.254346496 2.3239143659607427e+02 242.102434345 255.158161816 
226 2261 0.041113771658 56.9852800198 229.254346496 2.3280777767252098e+02 247.209700015 253.338897842 
227 2271 0.040333264893 57.663208061 229.254346496 2.3305932973303885e+02 241.089544792 258.104226933 
228 2281 0.042967869961 59.2718400459 225.206948412 2.2520694841167480e+02 235.739843865 248.25733847 
229 2291 0.0502055983193 64.4295826749 218.390229436 2.1839022943551313e+02 233.574910341 244.147944196 
230 2301 0.056580227134 68.0516422706 218.390229436 2.2084467601701181e+02 228.682462107 241.607962902 
231 2311 0.0670444116355 68.6354556772 202.754847967 2.0275484796706792e+02 226.353670574 238.394831643 
232 2321 0.076668958344 69.6054816956 201.589577209 2.0158957720909800e+02 222.381575294 272.448932915 
233 2331 0.0877045820802 69.8967436774 201.589577209 2.0201817489258727e+02 222.004074653 253.396994473 
234 2341 0.0999520276338 74.0375472359 195.546977384 1.9554697738383089e+02 238.553614368 281.397499002 
235 2351 0.102392963516 76.5636119091 195.546977384 2.0676103482780786e+02 253.734695527 328.162508369 
236 2361 0.0994218552164 78.3115352811 195.546977384 1.9951752391683138e+02 275.755299691 313.169062573 
237 2371 0.104359207408 80.2305292733 195.546977384 2.0797960710986851e+02 231.450471979 263.106084736 
238 2381 0.100756987337 82.3733875917 195.546977384 2.1192555820132441e+02 267.837429288 298.186303244 
239 2391 0.096984166703 84.1344063165 191.501350271 1.9150135027083041e+02 222.745267729 316.811368344 
240 2401 0.0903489212058 83.9663303902 191.501350271 1.9720134941817267e+02 228.717827968 258.968085991 
241 2411 0.0869255892928 85.9273961201 184.184661632 1.8418466163231830e+02 221.519827591 253.699052184 
242 2421 0.0818486899703 87.3434711771 184.184661632 1.9106215190805122e+02 199.514149658 249.202239052 
243 2431 0.0767522418593 89.1390006823 184.184661632 1.8861081953427501e+02 197.856265516 232.060211364 
244 2441 0.0733458684166 90.5148276663 184.184661632 1.8530443666106643e+02 198.2954587 218.982329618 
245 2451 0.0695236797616 90.6248349534 184.184661632 1.8536493808611525e+02 212.097243233 235.632506989 
246 2461 0.061677638541 91.601632768 184.098982877 1.8409898287678632e+02 198.121206102 227.880834395 
247 2471 0.0592923578751 92.5103352692 184.098982877 1.8498910864690896e+02 189.700958656 209.204211571 
248 2481 0.059582710314 93.4165876019 180.671018269 1.8067101826861429e+02 195.648118274 209.488049958 
249 2491 0.0583390822308 93.1001461355 180.381520085 1.8038152008530233e+02 192.619270673 217.014168061 
250 2501 0.0579723262502 93.0934857665 175.9605596 1.7596055959976326e+02 191.220086709 207.001234232 
251 2511 0.061590521664 92.3073558317 175.9605596 1.7766183003834485e+02 184.872637276 229.11750568 
252 2521 0.0651729840565 91.8028000162 174.063944436 1.7406394443595903e+02 185.687369323 197.89653743 
253 2531 0.0644545256575 94.2469637423 171.103687539 1.7110368753865123e+02 184.941821744 199.744208449 
254 2541 0.0634935440794 96.4565121774 165.684511413 1.6568451141313656e+02 182.267883344 187.631089137 
255 2551 0.0625795874909 97.2544884718 165.684511413 1.7147957175717491e+02 179.822239088 189.253908366 
256 2561 0.0604623805124 97.398800481 165.684511413 1.6738474272761692e+02 177.448420666 187.880165716 
257 2571 0.0603562100961 96.6483361626 159.442497623 1.5944249762303724e+02 176.711401684 187.966510327 
258 2581 0.0675214033297 97.3010647694 158.640340962 1.5864034096177832e+02 166.754909899 183.174290641 
259 2591 0.0741388003757 97.0045763376 152.957272594 1.5295727259389963e+02 166.755005013 191.485362611 
260 2601 0.0793872828244 98.8471677438 146.444840976 1.4644484097641373e+02 162.422183084 188.956652089 
261 2611 0.0785154276356 98.8630569014 146.444840976 1.4856713132750679e+02 167.56943255 191.468957451 
262 2621 0.07511952549 99.974630418 146.444840976 1.5065893557102382e+02 166.817503292 184.296261674 
263 2631 0.0776105902354 99.1418442 143.249935739 1.4324993573899775e+02 163.013415708 170.678987839 
264 2641 0.0809510163749 103.129281391 143.249935739 1.4809161039709585e+02 159.900685612 169.85150551 
265 2651 0.0745512736714 103.858850862 143.249935739 1.4905306656982626e+02 160.426893395 202.846582399 
266 2661 0.0721357724664 103.608588168 140.900564058 1.4090056405786376e+02 166.029687637 180.093660143 
267 2671 0.0682684088392 106.22956931 140.900564058 1.4274870057953200e+02 159.830399149 162.207876367 
268 2681 0.0705275749413 104.876033065 136.822715115 1.3682271511479465e+02 150.663069737 163.443994754 
269 2691 0.0695396973965 106.627550958 136.822715115 1.3737154961501813e+02 145.717954342 183.212978679 
270 2701 0.0678376509938 109.325294107 128.197858569 1.2819785856854872e+02 146.983110598 159.847796307 
271 2711 0.0652194167206 110.986013042 128.197858569 1.3102055508629829e+02 142.03906134 153.497405427 
272 2721 0.0670153795777 113.663542323 124.730346415 1.2473034641522267e+02 131.484391285 144.683972738 
273 2731 0.0740057348448 117.250546511 112.628627192 1.1262862719154580e+02 133.640407087 152.394334785 
274 2741 0.0856601852444 125.592544997 106.586323447 1.0658632344744083e+02 124.553968234 137.74148262 
275 2751 0.0996785610951 134.27097567 106.586323447 1.0993070135260892e+02 129.930483708 144.315933214 
276 2761 0.113999922258 137.097566059 99.615699763 9.9615699763029895e+01 122.740172887 147.040297697 
277 2771 0.12490328886 138.963471455 99.615699763 1.0190414252086843e+02 130.187671043 158.147261606 
278 2781 0.129420200903 138.499669627 99.615699763 1.2341277184538529e+02 131.686636928 178.496010956 
279 2791 0.134313264707 138.315887953 98.9701155007 9.8970115500702221e+01 128.643529586 171.75708961 
280 2801 0.140115126917 142.666231047 97.6903959113 9.7690395911262328e+01 111.507539047 140.87054173 
281 2811 0.142608737527 144.590427837 81.3052863154 8.1305286315443041e+01 114.082192986 148.844810331 
282 2821 0.156408042753 145.798223482 75.6416814874 7.5641681487426169e+01 102.969840926 157.830570899 
283 2831 0.163262636282 146.985436782 60.3590266973 6.0359026697332688e+01 118.284635457 153.914852302 
284 2841 0.172311003925 149.256996743 60.3590266973 6.3696870931792446e+01 94.2513676627 225.933677671 
285 2851 0.171985226804 150.449271986 45.7446412562 4.5744641256178042e+01 92.5680265425 127.622453116 
286 2861 0.175921223357 158.135671008 45.7446412562 4.7973919340094213e+01 93.4801652292 158.85185039 
287 2871 0.173692285764 161.171691107 45.7446412562 7.2788915837941175e+01 88.8198122544 176.094302144 
288 2881 0.160969744169 162.335714312 45.7446412562 5.6258704738765189e+01 99.118661573 161.219285597 
289 2891 0.147695531426 163.513638578 45.7446412562 5.0783233991068776e+01 73.5404840283 181.805322651 
290 2901 0.150494661055 165.692741269 45.7446412562 4.5854323785685715e+01 74.1611602385 103.695200589 
291 2911 0.147721311243 174.601639071 43.6022714683 4.3602271468324851e+01 63.5670564601 115.859477216 
292 2921 0.147197998409 178.700748824 43.6022714683 5.5805580157564947e+01 71.3225318961 122.004334718 
293 2931 0.16089679254 185.050502509 43.6022714683 5.0888359568767115e+01 79.0484823428 106.516891613 
294 2941 0.168961162351 204.841654886 20.3706278591 2.0370627859128984e+01 48.6819921612 128.689523393 
295 2951 0.163898074579 211.303152444 20.2841556265 2.0284155626477226e+01 50.7297992742 93.1845323395 
296 2961 0.148636848036 214.258543926 20.2841556265 2.0766827008060268e+01 47.3874944651 101.744573845 
297 2971 0.131795773994 215.727771025 14.889597934 1.4889597933973619e+01 31.7099241366 91.9964542352 
298 2981 0.118390475131 218.240571758 14.889597934 1.8701990633688162e+01 35.5514930084 48.2964512609 
299 2991 0.112940272068 219.236184628 13.9255885646 1.3925588564616632e+01 24.6199890307 30.0283950168 
300 3001 0.114357320409 221.806851069 13.9255885646 1.5370192360003847e+01 25.138447844 32.2997421292 
301 3011 0.113405402519 223.508005789 13.9255885646 2.1050764057216170e+01 32.854262512 51.6324192988 
302 3021 0.0997149669061 218.366917375 13.9255885646 1.5300787936820894e+01 32.9882397799 48.1572575233 
303 3031 0.0883126066767 215.906007911 13.9255885646 1.4668117141779916e+01 26.120335062 37.7040588796 
304 3041 0.0859701833349 219.154776564 12.1872253993 1.2187225399326225e+01 17.4876650024 34.2355879651 
305 3051 0.083378019574 221.804723861 9.26656144129 9.2665614412865303e+00 17.3601526678 32.883669118 
306 3061 0.0823541513486 226.909064863 9.26656144129 1.1557399423189516e+01 17.9260345929 23.3378148489 
307 3071 0.0802028339399 231.817920795 9.26656144129 1.3796708471354412e+01 15.9825794099 18.8605790957 
308 3081 0.0704899078643 231.908502511 9.26656144129 1.1511617761514817e+01 16.0073882727 20.5943562305 
309 3091 0.0670582550411 232.422967479 9.26656144129 1.0624878394037902e+01 15.8242057864 24.6073631685 
310 3101 0.0647427132955 232.581117295 8.70698815951 8.7069881595142924e+00 14.8635728208 16.983341223 
311 3111 0.0573625279161 232.84426444 8.70698815951 8.7890402184063348e+00 11.7671446565 13.7340765769 
312 3121 0.0534034986207 230.954035691 8.63285852892 8.6328585289212931e+00 11.2102637587 18.3765487822 
313 3131 0.049245430054 232.844089454 8.63285852892 1.0375925614317319e+01 11.3306021938 14.6709191687 
314 3141 0.043922109456 237.530167952 8.63285852892 8.6757977067731495e+00 12.493287382 14.6762641206 
315 3151 0.0423201584787 240.354428224 8.63285852892 8.7815701211769905e+00 10.3892316412 11.4120004058 
316 3161 0.0402017120257 243.120424809 8.63285852892 9.0140757517022969e+00 10.3492568509 12.3342956626 
317 3171 0.0370138899519 244.471242452 8.44424665003 8.4442466500331879e+00 10.7539466172 12.3401786505 
318 3181 0.0333069553005 243.926475918 8.25987193213 8.2598719321336542e+00 9.36344560586 11.3146658749 
319 3191 0.0325183432288 242.883617791 8.19824702093 8.1982470209285090e+00 9.45948948882 10.0477339454 
320 3201 0.0292827356773 238.333554394 8.04794385084 8.0479438508442733e+00 8.7784506248 9.94252066304 
321 3211 0.0282746946272 237.885108916 7.57781517649 7.5778151764911525e+00 8.10585262862 9.04551696274 
322 3221 0.0285442587224 240.288133522 7.57781517649 7.7543147956337473e+00 8.28355131473 9.05706263185 
323 3231 0.0291398776198 240.55812141 7.57781517649 7.5839722628812360e+00 8.2913443118 8.43332185649 
324 3241 0.0302711918749 244.167088586 7.57781517649 7.8644971784040214e+00 8.30940967919 9.08348462315 
325 3251 0.0294436701988 253.560647151 7.57781517649 7.7609497488488000e+00 8.55069453136 9.27540764696 
326 3261 0.0285751008909 252.901419372 7.51568255308 7.5156825530841598e+00 8.0852710935 8.51189844749 
327 3271 0.0326532835496 254.127489644 7.38097208085 7.3809720808502339e+00 7.86189795275 8.24448998754 
328 3281 0.0365425195511 252.185971175 7.08368803161 7.0836880316149333e+00 7.87957840727 8.88852525751 
329 3291 0.0384565346768 252.383094563 7.08368803161 7.4501861127260218e+00 8.1309403178 9.56678581958 
330 3301 0.0366603730661 253.444292466 7.08368803161 7.5310629919656833e+00 7.96576763009 9.00858435774 
331 3311 0.0351499080484 254.135701861 7.02624690808 7.0262469080783383e+00 8.49030010326 9.58874670322 
332 3321 0.0321092111959 256.558580737 7.02624690808 7.3820356603747355e+00 7.71374219628 8.57514499247 
333 3331 0.0305827517252 257.474786026 7.02624690808 7.3621407396607248e+00 7.72413239061 8.6548297235 
334 3341 0.0296131109462 257.05558193 7.02624690808 7.4554625078971650e+00 8.16992434322 9.80941588094 
335 3351 0.0274509612201 261.315942072 7.02624690808 7.2277445229229054e+00 7.71333411799 8.08585276554 
336 3361 0.0265586447857 259.912721176 7.02624690808 7.0576487070299763e+00 7.68193887251 8.56723344244 
337 3371 0.0256998784702 261.313996043 7.02624690808 7.1049814868049985e+00 7.39375558729 7.63770594441 
338 3381 0.0236860436691 264.701144683 7.02624690808 7.0488268548952471e+00 7.33456627785 7.58528459015 
339 3391 0.0210215209967 265.495623576 6.89313127755 6.8931312775472877e+00 7.21481053633 7.69414085369 
340 3401 0.0199242016241 264.583406777 6.89313127755 6.9284414017374720e+00 7.17512491066 7.30015049059 
341 3411 0.0199503401401 268.23032664 6.78351351831 6.7835135183077071e+00 7.09856882101 7.55450137594 
342 3421 0.0198493485321 265.396059038 6.76353138573 6.7635313857257220e+00 7.00521212395 7.35908069778 
343 3431 0.0200686774681 263.661122824 6.76353138573 6.8038860538133452e+00 6.98087443328 7.18466944397 
344 3441 0.0191976144375 263.171962581 6.76353138573 6.8082781072227956e+00 6.96111266014 7.12400176142 
345 3451 0.0194009143946 265.147303362 6.76353138573 6.7693321162620199e+00 6.89394902045 7.21015250726 
346 3461 0.0195477433094 269.253078421 6.73222240319 6.7322224031867357e+00 6.8758459364 7.10367180141 
347 3471 0.0186497821927 271.349899744 6.71742073186 6.7174207318616785e+00 7.07685808049 7.32631503301 
348 3481 0.0186102104711 272.586097609 6.54664123183 6.5466412318302547e+00 6.78774303796 7.01260219423 
349 3491 0.0187078741626 276.289914682 6.54664123183 6.5757654606877933e+00 6.71040562735 7.0337465708 
350 3501 0.0189999266878 280.488958687 6.54664123183 6.6147804341811405e+00 6.76226755481 7.02533461408 
351 3511 0.018958855717 282.913222765 6.51692477716 6.5169247771593888e+00 6.74004921734 6.84653835486 
352 3521 0.0201693918044 283.064424742 6.44138100211 6.4413810021068549e+00 6.58464343512 6.70701617804 
353 3531 0.0217096002176 282.00393316 6.37524427643 6.3752442764342527e+00 6.60987749366 6.82944309681 
354 3541 0.0207758192447 284.789501964 6.37524427643 6.4790049001593406e+00 6.67605714404 6.95020346508 
355 3551 0.0216714390591 283.307590159 6.37524427643 6.3888276095212904e+00 6.50779515811 6.6384723489 
356 3561 0.0223347670061 283.828898111 6.36401816757 6.3640181675662548e+00 6.51342143906 6.70020846303 
357 3571 0.023100944346 284.204065305 6.36401816757 6.3958837674642472e+00 6.45915916269 6.6064524702 
358 3581 0.0231706293681 289.081843036 6.2840062674 6.2840062674014732e+00 6.58035692514 6.77884377765 
359 3591 0.0225806173484 295.334657659 6.2840062674 6.3921742783587208e+00 6.53361599352 7.01043504648 
360 3601 0.022950814031 296.759515168 6.2840062674 6.3911917991904712e+00 6.6355900393 6.73854041337 
361 3611 0.0227113634283 298.97067565 6.2840062674 6.3614603931019431e+00 6.54285382153 6.85644035264 
362 3621 0.0207181522925 305.951536579 6.2840062674 6.3249592578490610e+00 6.52087494215 6.72119221759 
363 3631 0.0198995853747 307.99244008 6.26992430332 6.2699243033161531e+00 6.43001589583 6.56803818397 
364 3641 0.0195295960638 314.199408873 6.17083864087 6.1708386408734448e+00 6.30994320267 6.54623016421 
365 3651 0.0213240034968 316.061732268 6.17083864087 6.2125639638325740e+00 6.37733478662 6.50476099544 
366 3661 0.0212071969793 318.264312614 6.17083864087 6.2180165375633960e+00 6.31309793733 6.78456412655 
367 3671 0.0222679090176 308.831211799 6.09616852446 6.0961685244553392e+00 6.27070293767 6.48403941743 
368 3681 0.0228616250238 306.677193551 6.07644059415 6.0764405941524222e+00 6.21522345969 6.35049259752 
369 3691 0.0242059038344 307.930772964 5.96131037751 5.9613103775126994e+00 6.17600436895 6.27470403595 
370 3701 0.0271700918465 311.855484554 5.96131037751 6.1029191615555263e+00 6.2390437699 6.62062423531 
371 3711 0.0275812961166 337.401486116 5.96131037751 6.0310128207504174e+00 6.28967706577 6.72356306689 
372 3721 0.0291013145558 338.745673003 5.96131037751 5.9649923986084401e+00 6.30212863453 6.48830796109 
373 3731 0.0301353809929 340.974643984 5.96131037751 6.0292764776067962e+00 6.26321760426 6.40039298407 
374 3741 0.0297834675342 344.327968109 5.81988954313 5.8198895431324962e+00 6.21603791988 6.878995653 
375 3751 0.0319682308963 344.156728808 5.81988954313 5.8815976085220765e+00 6.12181629102 6.36968144395 
376 3761 0.0293072235213 340.034601094 5.81988954313 5.8555629268812446e+00 6.26354877859 6.52454666895 
377 3771 0.0278937072121 340.665073958 5.81988954313 5.8524343869550730e+00 6.12414534087 6.62437109425 
378 3781 0.0247558712015 340.938573361 5.81988954313 5.8524756371455933e+00 6.05485107201 6.38466995472 
379 3791 0.0228134247196 341.666495568 5.81988954313 5.8364064996512965e+00 6.10398296652 6.21466720328 
380 3801 0.0243011587596 342.009156674 5.76359140726 5.7635914072560546e+00 5.93530063449 6.04484944097 
381 3811 0.0265008500217 354.959388654 5.71143343446 5.7114334344566755e+00 5.87761716157 6.14851463735 
382 3821 0.0259008975318 358.904645702 5.71143343446 5.7349211009813477e+00 5.8715599195 6.16879305058 
383 3831 0.0244675513066 363.498706539 5.7097194771 5.7097194770961419e+00 5.82219142123 5.97775368287 
384 3841 0.0227536249974 359.935246516 5.69531073777 5.6953107377680610e+00 5.8631419505 5.97835968887 
385 3851 0.0216081421562 359.414510466 5.67592941694 5.6759294169444701e+00 5.83810562678 5.9604989694 
386 3861 0.0199904748846 352.964934979 5.67592941694 5.7001506562478879e+00 5.79808685641 5.91456010511 
387 3871 0.019532702139 365.051469613 5.62986564428 5.6298656442804109e+00 5.76157734585 5.83244558819 
388 3881 0.0196117031851 371.184428445 5.62986564428 5.6357896025714114e+00 5.79062179632 5.90084598432 
389 3891 0.0205639741767 374.512477416 5.62986564428 5.6740830931257236e+00 5.76335320025 5.85513227699 
390 3901 0.0209984407883 372.317181985 5.62986564428 5.6551143125720857e+00 5.73922890285 5.81767717026 
391 3911 0.0198632548679 381.739200434 5.59897937291 5.5989793729077508e+00 5.77198824355 6.00846422597 
392 3921 0.019679508855 389.334676093 5.54746914186 5.5474691418618640e+00 5.71843067295 5.94259746492 
393 3931 0.0183004963299 390.817137544 5.50575382746 5.5057538274562976e+00 5.74082430152 5.79746724179 
394 3941 0.0181743967124 389.76686273 5.50575382746 5.5279325862014215e+00 5.62779542663 5.72542417339 
395 3951 0.0181388297819 389.282497725 5.50575382746 5.5397228860325747e+00 5.57856152131 5.63303790295 
396 3961 0.0177302002958 381.850298587 5.50575382746 5.5119986003345307e+00 5.58975760808 5.75624110177 
397 3971 0.0166372482455 385.601209754 5.4859533793 5.4859533793031918e+00 5.53383802486 5.60835082507 
398 3981 0.015936756848 384.731038819 5.4859533793 5.4885198662925063e+00 5.54527918843 5.58063055486 
399 3991 0.0151601299184 382.110277606 5.47387877184 5.4738787718365813e+00 5.52379782377 5.56774755074 
400 4001 0.0153007033322 383.008976266 5.41933121404 5.4193312140425656e+00 5.5051096432 5.58112448307 
401 4011 0.0161222039969 384.975777226 5.41933121404 5.4217790812658979e+00 5.48378672736 5.53958831143 
402 4021 0.0161575459484 384.477789561 5.40867275115 5.4086727511503936e+00 5.46856094649 5.49411603448 
403 4031 0.0166772725598 387.100034368 5.38366344107 5.3836634410716151e+00 5.45902914271 5.5261249342 
404 4041 0.0166802692001 385.238916016 5.36050737183 5.3605073718265599e+00 5.38554042792 5.52070089371 
405 4051 0.0191963480857 382.851393427 5.31013394945 5.3101339494463824e+00 5.40249200436 5.42260913632 
406 4061 0.0229083879176 388.174856588 5.29847832513 5.2984783251334520e+00 5.39254103571 5.48684547476 
407 4071 0.0254118787391 387.579804737 5.26197578676 5.2619757867598178e+00 5.32302261313 5.46395164122 
408 4081 0.0266685879016 389.644444966 5.25732604502 5.2573260450185124e+00 5.39035761998 5.52423897055 
409 4091 0.0298016314799 400.354396648 5.22650326963 5.2265032696270159e+00 5.35816117725 5.55578057592 
410 4101 0.0345055635345 402.773742517 5.16374208127 5.1637420812691870e+00 5.37915437073 5.50204185456 
411 4111 0.0378422195435 401.441601462 5.13167529984 5.1316752998357869e+00 5.38599329109 5.52253916472 
412 4121 0.0371401319441 402.570899805 5.13167529984 5.2343857570401768e+00 5.30266468779 5.57106639054 
413 4131 0.0383341622445 394.624124186 5.13167529984 5.2142844622574946e+00 5.40998387704 5.62664133301 
414 4141 0.0378898618817 365.532880415 5.07174920951 5.0717492095132837e+00 5.44779104593 5.6565100903 
415 4151 0.0380173130749 358.202809357 4.97980931068 4.9798093106780366e+00 5.16643173616 5.51083057482 
416 4161 0.0408517249565 357.752222333 4.97980931068 5.0339588988452100e+00 5.18505925304 5.69943971736 
417 4171 0.0421256358755 356.6407306 4.97912501814 4.9791250181420361e+00 5.18145255275 5.75806033548 
418 4181 0.042743414294 356.227116895 4.86485163538 4.8648516353802007e+00 5.05565594172 5.58928679041 
419 4191 0.0414757211851 356.485069347 4.86485163538 4.9524154686747996e+00 5.12049886252 5.52849333199 
420 4201 0.0399297382735 358.558612574 4.7890195705 4.7890195705016749e+00 5.12742986154 5.45109419198 
421 4211 0.0385016221916 358.028099078 4.74640907354 4.7464090735440525e+00 5.02024018535 5.14391482535 
422 4221 0.0401675294006 358.79151008 4.60927870575 4.6092787057492890e+00 4.89926010771 5.20669366121 
423 4231 0.0407473134836 363.229663515 4.60927870575 4.7599620984145981e+00 4.94524374032 5.08708586935 
424 4241 0.0433467803716 357.819666182 4.43667277455 4.4366727745483221e+00 4.9856538664 5.15761921763 
425 4251 0.0449865594486 363.463968228 4.43667277455 4.5771046042265446e+00 4.80129530355 5.16430289728 
426 4261 0.0485881335432 366.967835452 4.43667277455 4.4449248992384884e+00 4.62203306292 4.79200895374 
427 4271 0.0516636993669 362.097345653 4.3318858117 4.3318858116987409e+00 4.61630878172 4.73212635498 
428 4281 0.0586057882617 361.098361919 4.21516512934 4.2151651293382884e+00 4.49277567967 4.78587134887 
429 4291 0.0636632581994 363.388233406 4.13386779096 4.1338677909561641e+00 4.42436814201 4.79989481583 
430 4301 0.0656238010216 386.92503674 4.0521212396 4.0521212396046060e+00 4.54961680697 5.06591201404 
431 4311 0.0710205374047 397.440917124 3.63001790589 3.6300179058851394e+00 4.57979587834 5.55352918975 
432 4321 0.0764826256846 402.411025857 3.5781670625 3.5781670624985118e+00 4.63987026346 6.21331502605 
433 4331 0.0818251438086 407.259203015 3.5781670625 3.6915912076222908e+00 4.34759404265 5.8820234509 
434 4341 0.0788509807399 412.989898557 3.50441141702 3.5044114170179692e+00 4.2543106269 5.29449831938 
435 4351 0.0744349271657 412.731741218 3.3496307634 3.3496307633963189e+00 4.27103631793 5.53426338934 
436 4361 0.0741391861137 409.413328207 3.26415378011 3.2641537801146736e+00 3.83838641717 5.05586682803 
437 4371 0.0722485856906 412.229703714 3.18706243799 3.1870624379936299e+00 3.69155670677 4.91684024504 
438 4381 0.0704867974311 415.097976845 2.94886713126 2.9488671312554779e+00 3.81538686267 4.37008604547 
439 4391 0.0709391544967 416.228165525 2.91008792253 2.9100879225254035e+00 3.58871862268 4.00157156446 
440 4401 0.0726170516362 418.301953051 2.42042389023 2.4204238902304294e+00 3.4487988849 4.31910624555 
441 4411 0.0708987781781 437.601837927 2.42042389023 2.8668094996853655e+00 3.47980884604 3.80823383861 
442 4421 0.0739533911055 454.157526122 2.42042389023 2.6544995544138383e+00 3.05166017536 3.69628250325 
443 4431 0.0746705338405 477.95412285 2.42042389023 2.4218184151547431e+00 2.92699565678 4.10294617947 
444 4441 0.0749467207072 497.187533839 2.11818331503 2.1181833150263345e+00 3.1478052983 3.82644220223 
445 4451 0.072881788042 510.133135822 2.00808447914 2.0080844791398040e+00 2.92365869559 3.72318068815 
446 4461 0.0799240170185 517.68645798 1.94017937977 1.9401793797715536e+00 2.35709280484 2.93613608252 
447 4471 0.08623488049 540.913325983 1.63788876247 1.6378887624685232e+00 2.03655576624 2.55396084356 
448 4481 0.091719456018 542.902603171 1.63788876247 1.6504549113753604e+00 1.94889648057 2.74776903164 
449 4491 0.0939605217847 540.554586134 1.49894092569 1.4989409256915103e+00 1.99585066541 2.99669307213 
450 4501 0.0928368746714 563.643512787 1.49894092569 1.7221461414140513e+00 2.38205065497 2.56968181369 
451 4511 0.0880298701505 565.603875912 1.49894092569 1.5980765529559184e+00 2.25491094731 3.1979395433 
452 4521 0.0837395963823 567.247563195 1.49894092569 1.6983627857688013e+00 1.93937847453 2.66891049072 
453 4531 0.0788640026449 586.874421033 1.49894092569 1.8522097633776120e+00 2.41448062351 2.96790940614 
454 4541 0.0765614487101 593.008392227 1.42414167831 1.4241416783113781e+00 2.55009164871 2.85811853583 
455 4551 0.0721238115639 587.57445737 1.04549591099 1.0454959109925765e+00 1.81479494132 2.20471840753 
456 4561 0.0723682107993 594.078343402 1.04549591099 1.1737866396711150e+00 1.97553081214 2.47077390179 
457 4571 0.0739076253462 608.614943079 0.904395102876 9.0439510287649749e-01 1.63346902992 2.6281362032 
458 4581 0.0819141067764 601.025688198 0.880730978726 8.8073097872642103e-01 1.40166067073 2.46608702283 
459 4591 0.086193951939 612.850572802 0.713162435167 7.1316243516687483e-01 1.10353283396 2.12173939652 
460 4601 0.0920027541092 616.381817058 0.706137200979 7.0613720097948751e-01 1.14770958434 1.837943126 
461 4611 0.0897298634948 637.148123309 0.706137200979 7.2980123693337773e-01 1.06025624632 2.8832572523 
462 4621 0.0920992853831 648.335461706 0.706137200979 1.0077266152017395e+00 1.42028434083 2.03977725208 
463 4631 0.0849402293735 654.688192904 0.706137200979 1.0182636956898696e+00 1.32675571906 2.53777294614 
464 4641 0.083633721966 652.606460195 0.706137200979 7.9233262233251711e-01 1.2797160628 1.61218736234 
465 4651 0.0822418903238 654.267914981 0.39773072348 3.9773072347979171e-01 0.78589108855 1.34606487104 
466 4661 0.0740260966362 663.118758433 0.39773072348 4.0579515128092719e-01 0.84786946719 1.7018298312 
467 4671 0.0694154854665 663.928552389 0.216576233242 2.1657623324217137e-01 0.740413535934 1.15381970081 
468 4681 0.0663622942195 664.30641117 0.216576233242 2.5381597169409181e-01 0.562106155324 0.953236423645 
469 4691 0.0660394403051 650.201633951 0.186616022232 1.8661602223162288e-01 0.38325549979 0.71643641067 
470 4701 0.0620625712757 650.366391253 0.139824424261 1.3982442426117883e-01 0.516505308246 0.599336975831 
471 4711 0.0591433633932 644.284853838 0.139824424261 1.8257325900712490e-01 0.412746803878 0.699124717831 
472 4721 0.0533317371742 649.381903511 0.0836334899272 8.3633489927199420e-02 0.343747450146 1.36527950366 
473 4731 0.0500489133904 642.926530704 0.0836334899272 1.3164963778696293e-01 0.211657014338 0.569656759203 
474 4741 0.0447152210386 644.572209432 0.0705435098348 7.0543509834807103e-02 0.168575152109 0.319655689833 
475 4751 0.0414445594414 654.042439014 0.0705435098348 1.0312636521362542e-01 0.139527106075 0.319024989569 
476 4761 0.0380141554586 655.011841998 0.0705435098348 1.1856597464034541e-01 0.18843192982 0.232259811549 
477 4771 0.0335604209975 653.879880258 0.0456838951047 4.5683895104662788e-02 0.139657585633 0.294577129132 
478 4781 0.0293725276988 653.583204731 0.0456838951047 6.2266550866604382e-02 0.128544084319 0.279630700922 
479 4791 0.025502569793 664.636590776 0.0456838951047 5.8259021476430403e-02 0.0910742896236 0.120600848535 
480 4801 0.0248395358813 673.107908821 0.0378481912088 3.7848191208842114e-02 0.0830789447978 0.120898348266 
481 4811 0.0216474854796 658.972275709 0.0378481912088 4.1569085972839537e-02 0.0615948443505 0.130762599554 
482 4821 0.0207358673832 653.413594789 0.0378481912088 3.7963090806063290e-02 0.0494024580125 0.0871100927372 
483 4831 0.0195257660911 655.082469586 0.0258274336999 2.5827433699938791e-02 0.0383925622731 0.069811657787 
484 4841 0.0183367058276 654.441626712 0.0225286611122 2.2528661112227004e-02 0.0424808979875 0.0580087172704 
485 4851 0.0174706047762 655.980707567 0.0186848888052 1.8684888805177387e-02 0.0391206008555 0.0528387824558 
486 4861 0.0162510653519 658.585997291 0.0159148439562 1.5914843956231266e-02 0.0371956595356 0.069235679386 
487 4871 0.0165099447227 658.826480168 0.0159148439562 1.9282779866758044e-02 0.0328661434412 0.0514547066993 
488 4881 0.0143376299958 648.463777234 0.0136734089631 1.3673408963081153e-02 0.0295203144084 0.0440120802247 
489 4891 0.0133585942842 649.641507733 0.0136734089631 1.5574691529807847e-02 0.030168639858 0.0459217111126 
490 4901 0.0128363168694 674.570514755 0.00461990043434 4.6199004343376489e-03 0.0242519650514 0.0299787097717 
491 4911 0.0117401592088 664.307862003 0.00461990043434 9.2146680798380273e-03 0.0155507473977 0.0240125232404 
492 4921 0.0115159277309 656.04216895 0.00461990043434 1.0415535017702635e-02 0.0140580595735 0.0219050088497 
493 4931 0.011501404744 667.608853689 0.00461990043434 7.2133405051798532e-03 0.0118885192461 0.021434807765 
494 4941 0.010870683895 660.551333583 0.00440851225593 4.4085122559323255e-03 0.0100742059277 0.0125117572044 
495 4951 0.00991081331451 656.757600803 0.00429510207743 4.2951020774300592e-03 0.0111694264683 0.0149657995174 
496 4961 0.00864144175302 659.984797745 0.00157003358237 1.5700335823710717e-03 0.00836604878376 0.0136012127077 
497 4971 0.0081123867814 666.451430564 0.00157003358237 3.7102347858383915e-03 0.00646791576066 0.00783347731929 
498 4981 0.0071855135147 666.841932529 0.00157003358237 3.1613180639571358e-03 0.00549458542897 0.00929340781759 
499 4991 0.00639402312116 668.497967213 0.000990482060829 9.9048206082861883e-04 0.00516963338998 0.0079357588617 
500 5001 0.00636535770092 669.635695442 0.000788964290959 7.8896429095897920e-04 0.00220455794875 0.0046484923379 
501 5011 0.00606727026617 670.683574854 0.000788964290959 8.2134392976040689e-04 0.00216340536257 0.00427027361899 
502 5021 0.00573967244225 659.918809689 0.000788964290959 1.3660350641511950e-03 0.00218344856504 0.00565424020971 
503 5031 0.00512811979836 662.649444448 0.000788964290959 8.9402532752937483e-04 0.00206976346682 0.00467160405632 
504 5041 0.00467150158038 658.846797063 0.000657589881096 6.5758988109635807e-04 0.00152597669547 0.00313835394911 
505 5051 0.00419880897416 671.88796618 0.000590429140792 5.9042914079156369e-04 0.00130280236115 0.00204653106034 
506 5061 0.00379257215181 672.144999513 0.000413667823617 4.1366782361697735e-04 0.00117306007797 0.00188820353793 
507 5071 0.00368648458883 666.175664608 0.000374795616786 3.7479561678597286e-04 0.000775847999936 0.00127394487161 
508 5081 0.00365172764434 666.642697205 0.000221530815791 2.2153081579111183e-04 0.000600821799052 0.00144074585783 
509 5091 0.00341479703529 680.994358646 0.000221530815791 2.5367073808792943e-04 0.00055195499715 0.00127445200992 
510 5101 0.00304263148518 680.860217056 0.000221530815791 3.1442639997424613e-04 0.000577166223381 0.00115899799072 
511 5111 0.0027027611795 679.91716861 0.000213183868568 2.1318386856804619e-04 0.000595935224098 0.000833243849719 
512 5121 0.002479735457 681.271491214 0.000171328477571 1.7132847757095042e-04 0.000458142626777 0.000822876220259 
513 5131 0.00242366509077 678.285908672 0.00013217359647 1.3217359646988517e-04 0.000349048853233 0.000623950203901 
514 5141 0.00243853947149 683.619628678 0.00013217359647 1.5359246025842973e-04 0.000256173480472 0.00049193615019 
515 5151 0.00227992237767 690.530234053 0.000124651711433 1.2465171143269364e-04 0.000250920252627 0.000401299456835 
516 5161 0.00218837681194 694.801259042 0.000124651711433 1.4297849643112655e-04 0.000282681349335 0.000490111988687 
517 5171 0.00212533096981 684.58631572 0.000124651711433 1.3472813711520729e-04 0.000316374112444 0.000481499734005 
518 5181 0.00209551966626 691.786912753 0.000124651711433 1.2565820706685033e-04 0.000282871771317 0.000741658139287 
519 5191 0.00202430069996 689.188750068 0.000114536598411 1.1453659841105484e-04 0.00022576482839 0.000448580412624 
520 5201 0.001934988344 696.117607376 9.9792864599e-05 9.9792864598973073e-05 0.000205275767012 0.000334905033173 
521 5211 0.00174609220484 695.71408921 9.9792864599e-05 1.1754002975132620e-04 0.000201735865005 0.000421300819618 
522 5221 0.0015594792333 691.383911342 8.7769502408e-05 8.7769502408042557e-05 0.000117031474662 0.000217511434629 
523 5231 0.00140958831747 691.977603565 2.0620044071e-05 2.0620044071004271e-05 7.93920372212e-05 0.000315306547694 
524 5241 0.00127162709864 685.937221793 1.67386560975e-05 1.6738656097504686e-05 8.19138609767e-05 0.000146567937232 
525 5251 0.00117230036569 675.455004718 1.67386560975e-05 2.5333272855774111e-05 8.21852809866e-05 9.31448143849e-05 
526 5261 0.00106114720501 676.090782048 1.67386560975e-05 1.7563508160504169e-05 6.01004838251e-05 0.00013516218217 
527 5271 0.000992052686925 679.390608731 1.67386560975e-05 2.1246928748242080e-05 4.92979030734e-05 7.05102578183e-05 
528 5281 0.000949392804097 663.614792455 1.67386560975e-05 2.0617133787723520e-05 4.50211649035e-05 8.01062271071e-05 
529 5291 0.000927610728972 682.960384172 1.67386560975e-05 2.2062608845463951e-05 4.10266153215e-05 7.31336035282e-05 
530 5301 0.000885896298733 679.7977008 1.67386560975e-05 1.6971552848374472e-05 3.95202971454e-05 8.3104707197e-05 
531 5311 0.000773436505699 683.399731135 1.15354658976e-05 1.1535465897649614e-05 4.90657124506e-05 8.32253389674e-05 
532 5321 0.000656417657855 680.29630119 1.15354658976e-05 1.3151662132927722e-05 2.46102576684e-05 3.77358818727e-05 
533 5331 0.000583870704021 676.930700038 7.27468493274e-06 7.2746849327364993e-06 1.95146283847e-05 3.53621619873e-05 
534 5341 0.000513825713644 672.526535765 7.27468493274e-06 7.7887195181978935e-06 1.59992389762e-05 2.09026377431e-05 
535 5351 0.000486362543825 676.445943811 5.07212749463e-06 5.0721274946305094e-06 1.18974032292e-05 1.70643170113e-05 
536 5361 0.000445890817109 666.875169309 5.07212749463e-06 8.1067620573116378e-06 1.09948404872e-05 2.04027969061e-05 
537 5371 0.000402750283451 672.813533038 3.35939828028e-06 3.3593982802835694e-06 1.05107496594e-05 1.97229987526e-05 
538 5381 0.000383166789483 684.756594368 3.35939828028e-06 3.4338744998021777e-06 8.14849870728e-06 1.5216007648e-05 
539 5391 0.000375390543688 699.029946771 2.33585581055e-06 2.3358558105482564e-06 6.90751596019e-06 1.04354261147e-05 
540 5401 0.000386894842514 700.20970338 1.20478760288e-06 1.2047876028767403e-06 4.40604870672e-06 7.52182818928e-06 
541 5411 0.000383122888275 699.56239038 1.20478760288e-06 2.3458677766509642e-06 4.56618907949e-06 7.21787618557e-06 
542 5421 0.000373249224145 705.859770512 1.20478760288e-06 2.2886313142778186e-06 4.7659763153e-06 9.56716909725e-06 
543 5431 0.000335074271554 691.848020563 1.20478760288e-06 1.6805160988226126e-06 5.33706735516e-06 9.51954474816e-06 
544 5441 0.000308848439987 699.965304437 1.20478760288e-06 2.2003349392938397e-06 3.99318767887e-06 7.0254001928e-06 
545 5451 0.000271110630379 697.143878497 1.20478760288e-06 1.9055839211563945e-06 4.50348917912e-06 6.842701388e-06 
546 5461 0.00024523187269 699.751493012 1.20478760288e-06 2.3087378440850926e-06 4.00773019835e-06 6.51664698815e-06 
547 5471 0.000244629414592 697.418713769 1.20478760288e-06 1.8717309170351034e-06 2.74575680933e-06 3.21282442337e-06 
548 5481 0.000238524946481 673.475263915 1.14762793779e-06 1.1476279377921023e-06 2.36428748713e-06 4.1989327424e-06 
549 5491 0.000229210226679 685.008217638 1.08089134788e-06 1.0808913478751622e-06 2.00915442834e-06 2.60583832319e-06 
550 5501 0.00021661745669 697.377076182 8.05888372494e-07 8.0588837249377928e-07 1.85281686858e-06 2.58713325708e-06 
551 5511 0.000205808483204 716.432579554 1.62159363716e-07 1.6215936371610077e-07 1.43521433954e-06 2.00127773795e-06 
552 5521 0.000191899308474 720.437859368 1.62159363716e-07 3.2360579693218805e-07 1.1112126172e-06 2.73537617669e-06 
553 5531 0.000174410766944 722.661786218 1.62159363716e-07 2.0537074362140167e-07 1.0670679292e-06 2.14603204922e-06 
554 5541 0.000176968605473 724.536990181 1.62159363716e-07 2.9956248102530793e-07 6.3340870702e-07 9.21258085571e-07 
555 5551 0.000179706903077 776.411989662 1.62159363716e-07 5.6294974505845668e-07 9.7362480365e-07 1.40752181108e-06 
556 5561 0.00016171896298 806.837857885 1.62159363716e-07 4.0130531028263956e-07 8.45085406433e-07 1.61514757091e-06 
557 5571 0.00015257076158 812.374481451 1.62159363716e-07 2.1479594185642711e-07 8.50898499098e-07 2.11603286134e-06 
558 5581 0.000137714604164 832.544574039 1.20131883966e-07 1.2013188396609323e-07 6.72133429543e-07 8.92992406451e-07 
559 5591 0.000125351081353 831.826324941 1.20131883966e-07 1.3220252212728777e-07 3.65296331503e-07 7.83474315327e-07 
560 5601 0.000117551360345 834.306004845 1.20131883966e-07 2.5214492596035405e-07 3.81066073541e-07 5.13637730574e-07 
561 5611 0.000116173041241 837.77758191 1.20131883966e-07 2.1452439551102800e-07 4.07908132982e-07 1.17768797333e-06 
562 5621 0.000103387071867 840.634811631 1.01165075186e-07 1.0116507518588380e-07 3.1795337362e-07 5.57429488726e-07 
563 5631 9.01057975926e-05 846.218160124 9.24319008439e-08 9.2431900843888071e-08 2.32325739375e-07 3.52500514012e-07 
564 5641 7.88866546133e-05 838.670321329 8.07261275997e-08 8.0726127599666321e-08 2.07265932134e-07 2.9619232111e-07 
565 5651 7.5902411835e-05 828.457617614 5.93940188108e-08 5.9394018810824838e-08 1.35756991981e-07 2.36760401023e-07 
566 5661 7.55193842831e-05 821.201310508 5.06007043049e-08 5.0600704304894422e-08 1.09582615589e-07 2.07594944955e-07 
567 5671 7.26935149155e-05 822.619593437 3.11947400639e-08 3.1194740063877328e-08 9.24802411925e-08 1.75830994774e-07 
568 5681 7.21846845125e-05 840.402516579 3.11947400639e-08 6.3772573884246080e-08 1.05169473549e-07 1.90132466426e-07 
569 5691 6.78738900978e-05 851.23667576 3.11947400639e-08 4.4622317859185891e-08 1.02315803292e-07 1.85732223231e-07 
570 5701 5.98895043633e-05 840.740998475 3.11947400639e-08 7.6376037118853900e-08 1.03978958274e-07 1.9745224514e-07 
571 5711 5.6594049317e-05 855.429961872 2.19995695974e-08 2.1999569597414574e-08 5.84897896739e-08 1.39974015107e-07 
572 5721 5.27685907285e-05 852.138093658 2.06969903964e-08 2.0696990396397242e-08 4.35578734355e-08 8.28046386903e-08 
573 5731 4.81664796319e-05 858.666890952 2.06969903964e-08 2.3607931642821314e-08 5.27907066011e-08 8.45460191546e-08 
574 5741 4.35097757735e-05 852.485578747 1.27629170495e-08 1.2762917049453401e-08 3.39376420149e-08 5.86738903768e-08 
575 5751 3.84962689038e-05 852.455975306 1.27629170495e-08 1.6847005344869762e-08 3.64050796723e-08 5.93326905534e-08 
576 5761 3.32309396967e-05 853.771631176 1.27629170495e-08 1.3656077440196266e-08 2.82896248577e-08 4.8654441276e-08 
577 5771 2.81034028203e-05 864.124377608 8.40931130763e-09 8.4093113076321914e-09 2.56215019243e-08 5.05333643934e-08 
578 5781 2.61305102563e-05 867.134379685 8.40931130763e-09 8.5939695458517406e-09 1.51906576484e-08 2.71481440648e-08 
579 5791 2.42117923945e-05 874.910586828 6.78917142845e-09 6.7891714284534436e-09 1.51652158956e-08 1.97070362228e-08 
580 5801 2.29954389242e-05 883.816048715 6.78917142845e-09 9.5082503862998247e-09 1.39475134839e-08 2.24310053053e-08 
581 5811 2.0270463344e-05 886.127789994 6.71752857178e-09 6.7175285717797090e-09 1.50562785965e-08 2.55402304538e-08 
582 5821 1.84310918899e-05 886.159130816 4.14218535957e-09 4.1421853595737598e-09 7.93507315585e-09 1.9434736553e-08 
583 5831 1.85760264464e-05 894.153724787 4.08434012018e-09 4.0843401201835027e-09 7.99214715966e-09 1.18416682436e-08 
584 5841 1.93649155932e-05 888.927110479 3.40510444901e-09 3.4051044490061503e-09 5.75076190033e-09 1.0491422844e-08 
585 5851 1.90020974874e-05 876.830852819 2.63335089066e-09 2.6333508906630864e-09 5.16977338556e-09 9.24472618965e-09 
586 5861 1.88497865759e-05 880.561036187 2.63335089066e-09 3.5030777227494380e-09 6.31254725868e-09 1.0449974175e-08 
587 5871 1.8073979624e-05 880.343054478 2.63335089066e-09 3.0411136647796636e-09 4.70769314783e-09 8.60645180188e-09 
588 5881 1.76558377674e-05 890.567697356 1.20588038003e-09 1.2058803800330837e-09 5.18530096399e-09 1.3802851468e-08 
589 5891 1.73976753776e-05 892.398236325 1.20588038003e-09 3.0029061651967214e-09 4.51460277837e-09 6.99418594839e-09 
590 5901 1.6743452572e-05 894.906687756 1.20588038003e-09 2.0954976647920719e-09 4.89267489165e-09 1.02034484093e-08 
591 5911 1.53635279816e-05 869.59715731 9.59272156137e-10 9.5927215613688647e-10 4.25202308041e-09 7.33050025265e-09 
592 5921 1.36283919937e-05 874.715051968 9.59272156137e-10 1.8974525671429971e-09 4.17274393536e-09 6.17523011065e-09 
593 5931 1.26742553067e-05 883.116641625 9.59272156137e-10 2.2434976502336260e-09 3.38964984845e-09 5.26500169335e-09 
594 5941 1.12769831004e-05 879.215330848 9.59272156137e-10 1.2046791741745525e-09 3.19098770673e-09 5.03197490929e-09 
595 5951 1.06804251262e-05 894.250783296 9.59272156137e-10 1.0630294664352628e-09 2.17864128071e-09 4.18244725144e-09 
596 5961 1.01259330229e-05 891.717684384 9.2105312004e-10 9.2105312004048696e-10 1.37439445173e-09 5.14540320351e-09 
597 5971 9.598110054e-06 885.883439088 7.68259349567e-10 7.6825934956657979e-10 1.76901527259e-09 3.50931531954e-09 
598 5981 9.22083036616e-06 908.970766298 4.64912525559e-10 4.6491252555865584e-10 1.17144804254e-09 1.99691188874e-09 
599 5991 8.79272858444e-06 932.726147432 4.64912525559e-10 8.3038533012292467e-10 1.30768984421e-09 2.28097537808e-09 
600 6001 8.31530408572e-06 948.708295102 2.68912188293e-10 2.6891218829270231e-10 1.04493439204e-09 1.58646374204e-09 
601 6011 7.75749268746e-06 949.375491729 2.68912188293e-10 3.0341276295875922e-10 1.08414223447e-09 1.35602357022e-09 
602 6021 7.40343599909e-06 950.387417201 2.68912188293e-10 2.9306687215191669e-10 7.73407567568e-10 2.10722328527e-09 
603 6031 7.05513969753e-06 945.832796605 2.68912188293e-10 4.5041530290358395e-10 7.04781229327e-10 1.55206444904e-09 
604 6041 6.59132861313e-06 940.353637225 2.68912188293e-10 4.6526392346963208e-10 9.40981926541e-10 1.45419075987e-09 
605 6051 6.16725856238e-06 940.441359569 2.68912188293e-10 3.2271631160809645e-10 5.42450281453e-10 1.25504955711e-09 
606 6061 6.06061193864e-06 937.978036912 2.68912188293e-10 2.7269838283622677e-10 4.92877441138e-10 8.90682387755e-10 
607 6071 5.65711447952e-06 923.285674451 1.14872666485e-10 1.1487266648481092e-10 3.99971373778e-10 6.56357683528e-10 
608 6081 5.78301509516e-06 928.456636861 1.14872666485e-10 1.2020941097309163e-10 3.30293874124e-10 5.12300408547e-10 
609 6091 5.64241688783e-06 951.45779583 1.14872666485e-10 1.4068772807600359e-10 3.54639138052e-10 7.98185587255e-10 
610 6101 4.7733228963e-06 953.978239401 1.14872666485e-10 1.3650104375019184e-10 3.16516254859e-10 5.80207194549e-10 
611 6111 4.30643434602e-06 970.678259777 9.88475814471e-11 9.8847581447110579e-11 2.26343185156e-10 3.51916655381e-10 
612 6121 3.96518572636e-06 963.326590538 9.88475814471e-11 1.4275049785319657e-10 2.14948958235e-10 3.16760581883e-10 
613 6131 3.67102134549e-06 971.507610928 9.88475814471e-11 1.1160167793563925e-10 1.68783991865e-10 2.9375952681e-10 
614 6141 3.37011825719e-06 964.064771338 4.89219876813e-11 4.8921987681259116e-11 1.51659892207e-10 4.54347739951e-10 
615 6151 3.16294185866e-06 964.379890155 4.89219876813e-11 8.1205485454650177e-11 1.54168905203e-10 2.5575478975e-10 
616 6161 3.07168308755e-06 952.526724858 4.89219876813e-11 6.9607372775407224e-11 1.05488476783e-10 1.721983707e-10 
617 6171 2.80375053715e-06 954.37492921 4.89219876813e-11 5.1123297527989712e-11 1.38635459376e-10 2.82819427587e-10 
618 6181 2.48075259885e-06 963.618276819 3.36963750532e-11 3.3696375053199060e-11 8.16974724076e-11 1.74831683864e-10 
619 6191 2.32954204873e-06 969.507702771 3.36963750532e-11 4.6595303895944352e-11 6.68250048414e-11 8.77754332622e-11 
620 6201 2.15363643151e-06 939.752297517 2.48792014086e-11 2.4879201408576121e-11 9.22980395053e-11 1.38571513786e-10 
621 6211 2.06493936138e-06 938.621214725 2.48792014086e-11 3.7377978235332846e-11 7.14833474926e-11 1.35312558305e-10 
622 6221 1.96784346681e-06 955.338197172 2.48792014086e-11 2.5752264623234644e-11 5.98513073746e-11 7.88546602884e-11 
623 6231 1.81583062887e-06 956.860104644 9.16679881386e-12 9.1667988138609761e-12 5.31977968834e-11 8.80096343725e-11 
624 6241 1.75823100575e-06 952.185165317 9.16679881386e-12 1.1996541501841520e-11 3.10593550218e-11 5.26991926459e-11 
625 6251 1.69809533546e-06 945.712485807 9.16679881386e-12 1.1191043413135921e-11 2.87070045124e-11 4.9780410228e-11 
626 6261 1.54533649737e-06 937.966028144 9.16679881386e-12 1.5375031553465569e-11 2.62145859539e-11 7.35319587984e-11 
627 6271 1.37507657186e-06 946.104892474 9.16679881386e-12 1.3377298440915280e-11 2.03190815992e-11 5.54937992189e-11 
628 6281 1.33191264369e-06 956.307907899 9.16679881386e-12 1.3964978132598925e-11 1.94529451427e-11 2.98235140303e-11 
629 6291 1.28490802249e-06 939.967022198 9.16679881386e-12 1.4243614757535908e-11 2.03152783925e-11 4.22968059616e-11 
630 6301 1.17826356569e-06 937.886686119 9.16679881386e-12 1.1982088853981137e-11 1.96468299464e-11 2.90848858525e-11 
631 6311 1.08658520385e-06 954.507707014 5.52343146457e-12 5.5234314645675788e-12 1.7881348678e-11 3.15112339347e-11 
632 6321 1.10758070421e-06 955.571507996 4.27391749241e-12 4.2739174924075174e-12 1.15667012291e-11 2.44554738683e-11 
633 6331 1.04847307627e-06 992.379694894 3.69657799417e-12 3.6965779941705921e-12 5.89461769992e-12 1.7013220916e-11 
634 6341 9.35188977944e-07 980.880621911 3.60891946929e-12 3.6089194692904654e-12 1.00013665459e-11 1.88340021574e-11 
635 6351 8.45651280362e-07 977.52838593 2.51583310832e-12 2.5158331083209955e-12 5.76605993929e-12 9.47852180218e-12 
636 6361 7.88681977171e-07 987.84502553 2.14077174935e-12 2.1407717493533909e-12 4.24258073542e-12 6.72761879036e-12 
637 6371 7.45964449741e-07 976.047535009 2.05234138752e-12 2.0523413875180357e-12 4.42429637357e-12 8.06850826146e-12 
638 6381 6.99377120494e-07 974.763782509 2.05234138752e-12 2.3182666720536918e-12 4.30935848791e-12 9.39153183263e-12 
639 6391 6.71032529045e-07 983.083848667 9.28011068834e-13 9.2801106883392552e-13 3.76782431005e-12 5.44259036188e-12 
640 6401 6.16665514695e-07 985.323165176 9.28011068834e-13 1.2942358749166407e-12 3.31956111956e-12 5.64021069904e-12 
641 6411 5.41340891429e-07 980.474523093 6.64258314981e-13 6.6425831498137106e-13 2.06504223481e-12 3.28979109106e-12 
642 6421 4.84095677746e-07 975.374538168 6.64258314981e-13 1.0045407688859017e-12 1.99126743209e-12 3.46041086344e-12 
643 6431 4.36620251831e-07 980.089094558 6.64258314981e-13 6.8159089596922283e-13 1.61899000057e-12 3.11785766306e-12 
644 6441 4.10430883914e-07 981.150991255 6.64258314981e-13 7.7850924463389878e-13 1.63546289568e-12 2.99433116126e-12 
645 6451 3.91236890388e-07 990.338072077 5.19709910238e-13 5.1970991023830399e-13 1.16338239795e-12 2.27813667899e-12 
646 6461 3.62275522047e-07 990.029685217 4.69913588822e-13 4.6991358882176062e-13 8.07264463446e-13 2.11003619021e-12 
647 6471 3.67655506066e-07 983.114957135 4.13956627242e-13 4.1395662724156223e-13 1.04612464235e-12 2.22450826249e-12 
648 6481 3.46152290003e-07 984.754249974 1.922035048e-13 1.9220350479959926e-13 1.0992604591e-12 1.66959404129e-12 
649 6491 3.2382441636e-07 973.288179885 1.922035048e-13 2.8458290582233611e-13 7.5389019015e-13 9.20508721525e-13 
650 6501 3.13780424442e-07 981.796579636 1.922035048e-13 3.7764488707876397e-13 5.93941125898e-13 1.50991744612e-12 
651 6511 3.00293832733e-07 955.970469368 1.922035048e-13 1.9741530859403409e-13 7.30343499484e-13 1.06592362122e-12 
652 6521 2.75147764229e-07 950.458779353 6.48293710441e-14 6.4829371044075444e-14 6.3910008654e-13 9.31489759049e-13 
653 6531 2.53365994485e-07 956.824653879 6.48293710441e-14 1.7958338021920397e-13 3.55896076083e-13 6.56438973541e-13 
654 6541 2.31357013245e-07 960.284797819 6.48293710441e-14 2.8588521209449593e-13 3.4613111433e-13 7.17636117196e-13 
655 6551 2.15816024399e-07 960.708773087 6.48293710441e-14 8.3554489258841546e-14 3.79412882035e-13 5.4825115166e-13 
656 6561 1.93610474457e-07 981.083283619 6.48293710441e-14 8.3694686677057476e-14 2.66908460976e-13 3.69103467299e-13 
657 6571 1.79932623394e-07 963.719292767 4.91202438235e-14 4.9120243823485699e-14 1.59617786404e-13 2.91419996507e-13 
658 6581 1.64711793413e-07 978.852189026 4.91202438235e-14 9.0388958263987372e-14 1.18588221908e-13 2.31895255309e-13 
659 6591 1.46857931466e-07 1027.11397616 4.91202438235e-14 6.0913410971123047e-14 1.72538094823e-13 2.37712025559e-13 
660 6601 1.32382692326e-07 1024.01511842 3.59703744489e-14 3.5970374448887596e-14 1.07409225538e-13 1.55987474725e-13 
661 6611 1.24358763372e-07 1027.60496852 3.56655241086e-14 3.5665524108648272e-14 1.05009030011e-13 1.54707842331e-13 
662 6621 1.14552530404e-07 1028.35443736 3.56655241086e-14 3.6720425306092016e-14 7.70693232783e-14 1.79445644124e-13 
663 6631 1.05904611612e-07 1039.81487694 3.30290505169e-14 3.3029050516926717e-14 8.6048208389e-14 1.50970684531e-13 
664 6641 9.06417034905e-08 1064.47961265 9.1121957022e-15 9.1121957022011168e-15 6.46017367586e-14 1.20564955058e-13 
665 6651 8.91610928156e-08 1076.41656869 9.1121957022e-15 1.4360763718843728e-14 4.24063081329e-14 7.29546067507e-14 
666 6661 9.02528105033e-08 1079.51119523 9.1121957022e-15 1.9302220242895676e-14 3.59945573785e-14 5.4028750501e-14 
667 6671 8.7828655422e-08 1066.49433402 9.1121957022e-15 1.0089012724934195e-14 1.96699920166e-14 5.96908960174e-14 
668 6681 7.70873354702e-08 1061.16868901 6.25120632585e-15 6.2512063258542976e-15 2.72401089772e-14 4.49875429049e-14 
669 6691 7.38356388611e-08 1062.61431318 6.25120632585e-15 9.5881517452310186e-15 2.78416337342e-14 3.23254405766e-14 
670 6701 7.22011696666e-08 1039.59562866 6.25120632585e-15 8.0532850503478447e-15 1.74692403245e-14 4.54719618241e-14 
